# Created by Octave 4.0.0, Fri Jul 06 10:05:17 2018 SAST <dominic@dominic-1005PX>
# name: X0
# type: matrix
# rows: 242
# columns: 1
 -0.004637869130758305
 0.005349945549130533
 0.008765526391475832
 0.009865606734551171
 0.003976732851514252
 0.004969829907070518
 -0.003832494307641746
 -0.005363202863529736
 0.006327588923868211
 -0.002929250035981609
 -0.0002986562375234154
 -0.006185837950717383
 -0.005262355287730974
 -0.003156465399453216
 -0.001705846324790672
 0.007985542585114956
 -0.003085369338999618
 -0.001804580432774806
 -0.003645710419009093
 0.001749732275852756
 -0.0008004441184920087
 0.001368988812778447
 -0.001572411764938223
 -0.008242118795141437
 -0.008434850686533709
 0.009345306307543723
 -0.008618777658186517
 -0.003919555676666076
 0.005644218892899162
 0.0007003337382312531
 -0.009238151604863723
 -0.006115088210684815
 -0.00435283119545319
 -0.009933959073323033
 0.004369527090328956
 0.00478716986205094
 -0.008201175868725099
 -0.003632808705519575
 -0.009586496099024571
 0.003088023019069101
 -0.005153397873889016
 -0.000381704152645471
 0.006073826237517151
 0.005264512150672888
 -0.009079301536261984
 -0.008385049122831915
 0.009243209789452677
 -0.008939812699359301
 -0.007574582674887526
 0.001248050405161379
 -0.002639799736710823
 -0.00209227396825086
 0.007149065095054146
 -0.008067531745229093
 0.002261398924084208
 0.005955997739427699
 0.003889329393410208
 -0.006236472599456057
 0.00501131341940919
 -8.068207154469063e-05
 -0.004617049629803372
 -0.006500670690282141
 -0.0001495544678870135
 0.0001737522514187947
 0.009297874691467657
 0.00585642558808175
 -0.003077411053278922
 0.007337244051750231
 0.001531983476118886
 -0.007732321014460676
 0.003878696929538475
 0.009594381518743504
 -0.007886394318018798
 -0.007168780144062453
 -0.0009360571063680538
 0.001271742355297137
 -0.003766788530583974
 0.001163428343754776
 -0.0003995030369398963
 -0.003942371490898882
 0.003629790493288234
 0.004916732677687751
 0.004053005709056708
 -0.00339871565905162
 0.008744078567279373
 -0.005579736123659428
 0.008207094321115908
 -0.003171464916054028
 0.006075511422347276
 0.00496011202217673
 0.007413570142346988
 0.009711723357444043
 0.003823028508702107
 0.004494487699586632
 0.003608079688601846
 0.009461941797480574
 -0.009871435943718882
 -0.007600832465667832
 -0.0001088560892457107
 -7.614603787038654e-05
 -0.006446612809735651
 -0.002633649294829556
 -0.006414233056326598
 0.00416596826522342
 0.009744535829401891
 0.007919633802260346
 -0.002859893139433261
 0.001258922126381947
 -0.002214332412372223
 -0.005926824633076963
 0.005790908858679852
 0.004883538685461488
 0.003457500698516018
 -0.007097895629934518
 0.002789406348319366
 -0.003341203143272561
 0.009013600384530222
 -0.009920919298923343
 0.001873207389186228
 -0.006317336068632365
 -0.006725795105536606
 0.007062819167574829
 0.007277234406858594
 0.003415285398903773
 -0.005407325879586468
 0.006771049517074757
 0.008959449836378379
 -0.008038917144483597
 -0.003539256684647464
 -0.000545607507232336
 -0.005769444958197255
 0.004961331966710494
 0.007842703183377932
 0.0007937220424123707
 0.008993630217794256
 0.0006819299981862346
 -0.0007550952379172318
 0.00340287421848031
 -0.00410827765035752
 0.009809237739297155
 -0.002985467297553683
 -0.005569189443398498
 -0.004799739787417613
 -0.004576690102810318
 0.00225532388745304
 0.004090337959742738
 -0.005102217774836565
 0.002041558118259896
 0.009405977839460513
 0.002032735201587855
 -0.005455196895756634
 -0.008693473364228
 0.00584272248498516
 0.002184117854017762
 0.004562952973571647
 0.00163498276562898
 0.002041752265728669
 -0.009109131529724505
 -0.008806097003079504
 -0.00281452390838912
 -0.008491948330956178
 0.009201672491138532
 -0.001973166677560086
 -0.001050859565172351
 0.007078809480686664
 0.0002209554664431932
 0.006894447411448052
 -0.001617977345641557
 -0.001066794306552302
 0.004216534833365225
 -0.008747227455554582
 -0.002569090814922442
 0.007765012333918108
 0.003235718800926409
 -0.005515004237902191
 -0.002715225645011704
 0.007699698475333189
 -0.001330307878577562
 -0.008826846383638308
 -0.00268012504305455
 0.001391285221641716
 -0.003944252130597447
 0.001729442859209038
 0.008479215922101225
 0.0004232063655058311
 -0.002965501679148714
 -0.007889026664422113
 -0.005713781164283215
 0.005574911570066303
 0.00717656703914289
 -0.007226330506162318
 -0.007523764728667014
 -0.003323001161746925
 0.008031955033058443
 0.002122677030639574
 0.007091594077085909
 -0.007195808919115337
 0.0019400960378114
 0.0008046162726764432
 0.008518288847997246
 0.003870197725824484
 -0.005542749047112042
 0.0002451045577385822
 -0.001161484932386866
 0.006127323821713241
 -0.003935014326548
 -0.006612756123983431
 -0.0004960560854366872
 -0.002002862787090413
 -0.002323421983094637
 -0.006502736041994807
 0.001322678725692665
 -0.008072782621277464
 -0.002004851116555238
 -0.009906600472738241
 -0.007696851475672581
 0.005283527449682175
 0.007058109751246126
 0.009169483052913199
 -0.006599168714420626
 0.008713330147791165
 0.001036859359759159
 0.0006706223323820967
 -0.003500771981129264
 0.004031426443878187
 0.005276558132076718
 -0.001987372148963426
 0.002783105953928184
 -0.003468774031388257
 0.008734880737312068
 -0.0002169276665865312
 0.005640516161835746
 -0.009386638932222892
 0.002204888849548774
 -0.008534193270642275
 -5.401809906509757e-05
 0.00134644776350825
 -0.001262990998876624
 0.00794298142374514
 -0.003174605335974282
 0.006464917119685118
 0.002248053303612985


